  -0.649233    0.842299   -0.858556    0.127186  -0.0511663     -0.3236   -0.256001    0.195782   -0.316237   0.0690466   0.0532208
      1.276   -0.231414  -0.0282393   -0.217576   -0.148498  -0.0850679  0.00490014     0.10327    0.159494   -0.169333  0.00121831
  -0.626772   -0.610885    0.886795   0.0903906    0.199664    0.408668    0.251101   -0.299051    0.156744    0.100286  -0.0544391
   0.564085   -0.666332   -0.796818  0.00622597  -0.0849209    0.185773    0.290938    0.225433    0.146039  -0.0087377    0.079641
    0.71192    0.434918    0.768579   -0.223802  -0.0635769   -0.270841   -0.286038   -0.122163   0.0134545   -0.160595  -0.0784227
     -1.276    0.231414   0.0282393    0.217576    0.148498   0.0850679 -0.00490014    -0.10327   -0.159494    0.169333 -0.00121831
  -0.270307    0.460025    -1.01669   -0.642045   -0.166907   -0.165906    0.498775    -0.32254  -0.0236955   -0.130176  -0.0366436
   0.930541    0.226611  -0.0943689     0.89921  -0.0960934    0.258523   -0.126979    0.168103  -0.0116689    0.258882   -0.139825
  -0.660234   -0.686636     1.11106   -0.257165    0.263001  -0.0926173   -0.371797    0.154437   0.0353645   -0.128706    0.176469
    0.56294    0.500032     0.59714    0.179787   -0.211753   -0.104704    0.214488    -0.14946  -0.0436431    0.114143     0.11559
  0.0675629    0.189051   -0.795646    0.687584    0.682408  -0.0843472   -0.218769   -0.176148    0.208344  -0.0555601    0.019308
  -0.630503   -0.689083    0.198507   -0.867371   -0.470655    0.189051  0.00428135    0.325608   -0.164701  -0.0585831   -0.134898
   -0.44454    0.858062    0.745477    0.589723    0.319394   -0.165765     0.54034     0.36549    0.106999   -0.128709  -0.0385568
   0.175405  0.00592421   -0.385691    -1.14036  -0.0266494  -0.0178378   -0.336339  -0.0972497    0.179222    0.208895   0.0165165
   0.269134   -0.863987   -0.359786    0.550633   -0.292745    0.183603   -0.204001    -0.26824   -0.286222  -0.0801862   0.0220404
  -0.507579   -0.650403  -0.0489149    0.588315   -0.525251   -0.857624 -0.00922143  -0.0279022    0.229322   0.0686786  -0.0267616
   0.755122   -0.357149    0.137132   -0.613742    0.871252  -0.0644979    0.214271   0.0268819   -0.347107   0.0545369  -0.0157864
  -0.247543     1.00755  -0.0882176   0.0254272   -0.346001    0.922122    -0.20505   0.0010203    0.117785   -0.123216    0.042548